1.152780104133849237e+00
6.830800680824915716e+00
5.208278647389795069e+00
3.280996550071396811e+00
7.340081640465892399e+00
1.117092882753568261e+01
8.558822344220125444e+00
6.941651591764827600e+00
9.501904969873461226e+00
1.090731471463054270e+01
1.439774315262383908e+01
1.021031525755556579e+01
8.964274052275076343e+00
1.756293647507584765e+01
1.156403195911506465e+01
1.833874247930399548e+01
1.196731373471295079e+01
2.251257203220576031e+01
2.800142359518670787e+01
1.895607215550264968e+01
